    unsorted:	 171.3472991 171.3472991 171.3472991 171.3472991 171.3472991 171.3472991 1.644952551e-07 1.644992014e-07 1.644864344e-07 2.148530106e-07 0.03592250637 0.03606652659 0.03331440357 0.02714603094 0.05831312051 232.4606156 241.2835408 1062.645466 1001.766901 1024.007898 796.7820544 735.0502167 2027.523745 2750.193760 4555.520961 4580.574171 4530.966067 4864.330841 3461.772306 5691.530282 5954.937630 6097.845659 6897.015955 7853.498231 8659.852777 9175.249164 10046.01455 10564.79536 11373.00499 11641.48563 13144.22534 13652.29455 14293.41882 15461.33413 19445.12841 20729.35759 22027.20034 23231.30738 23449.76321 28017.84374 29235.88953 34714.85267 36724.46178 38817.75736 41690.48546 40522.47246 42524.21694 46335.15211 49159.74898 60601.77691 64521.04498 70575.15707 78136.99176 84463.41380 96297.48278 104179.2110 132882.8951 163553.0766 196584.6670 358702.5294 2454464.003 7464075.030 9866788.279 42748742.59
      sorted:	 1.644864344e-07 1.644952551e-07 1.644992014e-07 2.148530106e-07 0.02714603094 0.03331440357 0.03592250637 0.03606652659 0.05831312051 171.3472991 171.3472991 171.3472991 171.3472991 171.3472991 171.3472991 232.4606156 241.2835408 735.0502167 796.7820544 1001.766901 1024.007898 1062.645466 2027.523745 2750.193760 3461.772306 4530.966067 4555.520961 4580.574171 4864.330841 5691.530282 5954.937630 6097.845659 6897.015955 7853.498231 8659.852777 9175.249164 10046.01455 10564.79536 11373.00499 11641.48563 13144.22534 13652.29455 14293.41882 15461.33413 19445.12841 20729.35759 22027.20034 23231.30738 23449.76321 28017.84374 29235.88953 34714.85267 36724.46178 38817.75736 40522.47246 41690.48546 42524.21694 46335.15211 49159.74898 60601.77691 64521.04498 70575.15707 78136.99176 84463.41380 96297.48278 104179.2110 132882.8951 163553.0766 196584.6670 358702.5294 2454464.003 7464075.030 9866788.279 42748742.59
