    unsorted:	 1.644850593e-07 1.644913569e-07 1.644760167e-07 2.149097343e-07 171.3472991 171.3472991 171.3472991 171.3472991 0.03499005338 0.03846461683 0.02726144948 0.05897129360 0.01264313261 0.08415632918 190.9255647 1088.694359 815.2801646 798.3209407 985.5738225 1277.071893 2051.500501 4608.096931 4583.299639 4468.061701 4850.430060 3520.409542 2965.975992 5670.617358 6027.858791 6200.875056 6921.605297 7867.686788 8526.853999 8841.721819 9183.982725 9777.960436 11261.07041 11770.57659 13474.71447 13918.92960 15078.96514 18091.81484 19383.35655 20743.82271 23352.18128 27835.60891 28865.15776 29518.09541 34939.44263 34434.07735 34543.01421 38295.67712 41823.52051 41691.20249 40591.41251 48458.74733 50968.11986 63390.39228 69957.33861 76630.43729 78750.62258 81279.05111 90274.43455 104996.2588 105809.0026 138717.7641 178563.6188 197387.8492 332180.1208 383531.1966 2566977.947 7830379.725 10440624.55 44827200.07
      sorted:	 1.644760167e-07 1.644850593e-07 1.644913569e-07 2.149097343e-07 0.01264313261 0.02726144948 0.03499005338 0.03846461683 0.05897129360 0.08415632918 171.3472991 171.3472991 171.3472991 171.3472991 190.9255647 798.3209407 815.2801646 985.5738225 1088.694359 1277.071893 2051.500501 2965.975992 3520.409542 4468.061701 4583.299639 4608.096931 4850.430060 5670.617358 6027.858791 6200.875056 6921.605297 7867.686788 8526.853999 8841.721819 9183.982725 9777.960436 11261.07041 11770.57659 13474.71447 13918.92960 15078.96514 18091.81484 19383.35655 20743.82271 23352.18128 27835.60891 28865.15776 29518.09541 34434.07735 34543.01421 34939.44263 38295.67712 40591.41251 41691.20249 41823.52051 48458.74733 50968.11986 63390.39228 69957.33861 76630.43729 78750.62258 81279.05111 90274.43455 104996.2588 105809.0026 138717.7641 178563.6188 197387.8492 332180.1208 383531.1966 2566977.947 7830379.725 10440624.55 44827200.07
