    unsorted:	 1.645041651e-07 1.644994652e-07 1.644907185e-07 2.149547608e-07 171.3472991 171.3472991 171.3472991 0.03508116042 0.03632432855 0.04056315411 0.02759376083 0.05962357090 129.8253692 1196.388134 1259.333119 1339.041290 1042.780607 955.7388970 803.2972547 305.1829627 2277.575491 3042.561015 4343.517498 4399.302675 4584.971454 3885.992943 5380.098366 5761.062392 6569.610033 6461.988675 6735.375586 7631.463678 8243.102628 8889.777686 9233.209530 11019.21079 10777.69735 11508.85343 12262.34042 13526.70677 14221.29001 16760.14866 18753.07868 19067.27404 22827.00226 26984.98780 28065.66008 29017.86824 34365.83607 34196.98863 34674.28500 37961.06263 41371.83015 41840.89846 43168.26503 45627.99002 51282.94423 60863.45248 67899.22561 72239.78439 78850.92447 82379.48786 91713.78103 100842.6407 111811.7800 115402.7240 141024.1426 182802.9476 193293.8936 405459.1087 2584621.238 7999536.790 10557204.72 45691565.92
      sorted:	 1.644907185e-07 1.644994652e-07 1.645041651e-07 2.149547608e-07 0.02759376083 0.03508116042 0.03632432855 0.04056315411 0.05962357090 129.8253692 171.3472991 171.3472991 171.3472991 305.1829627 803.2972547 955.7388970 1042.780607 1196.388134 1259.333119 1339.041290 2277.575491 3042.561015 3885.992943 4343.517498 4399.302675 4584.971454 5380.098366 5761.062392 6461.988675 6569.610033 6735.375586 7631.463678 8243.102628 8889.777686 9233.209530 10777.69735 11019.21079 11508.85343 12262.34042 13526.70677 14221.29001 16760.14866 18753.07868 19067.27404 22827.00226 26984.98780 28065.66008 29017.86824 34196.98863 34365.83607 34674.28500 37961.06263 41371.83015 41840.89846 43168.26503 45627.99002 51282.94423 60863.45248 67899.22561 72239.78439 78850.92447 82379.48786 91713.78103 100842.6407 111811.7800 115402.7240 141024.1426 182802.9476 193293.8936 405459.1087 2584621.238 7999536.790 10557204.72 45691565.92
