    unsorted:	 171.3472991 171.3472991 171.3472991 171.3472991 171.3472991 171.3472991 171.3472991 1.645000239e-07 1.644940135e-07 1.645056156e-07 2.149441299e-07 0.03398365457 0.02684619383 0.03600981714 0.05762993687 245.2089747 258.8700292 406.7688636 799.3139608 792.5392314 853.7719685 1090.064658 1446.194734 2062.131041 2888.469299 4666.718913 4622.780859 4592.774238 4947.299242 3492.109838 5693.457631 5767.840851 6224.381955 6963.805543 7957.631792 8840.661212 9290.521171 9331.404747 10867.10617 10646.81770 11411.00589 12121.33443 13889.23030 14904.66953 16949.37972 19670.28766 20755.81503 21525.40499 23304.26463 25223.90983 27524.55160 29254.77600 35541.38780 37867.53000 39717.77924 41517.78271 41948.69361 42271.00240 49319.94951 54818.10502 64296.27553 70978.82582 77299.34927 84930.11236 92521.13053 104429.4697 131308.5213 149649.1720 204535.8361 343908.9989 2425772.228 7287180.603 9717614.519 41827197.36
      sorted:	 1.644940135e-07 1.645000239e-07 1.645056156e-07 2.149441299e-07 0.02684619383 0.03398365457 0.03600981714 0.05762993687 171.3472991 171.3472991 171.3472991 171.3472991 171.3472991 171.3472991 171.3472991 245.2089747 258.8700292 406.7688636 792.5392314 799.3139608 853.7719685 1090.064658 1446.194734 2062.131041 2888.469299 3492.109838 4592.774238 4622.780859 4666.718913 4947.299242 5693.457631 5767.840851 6224.381955 6963.805543 7957.631792 8840.661212 9290.521171 9331.404747 10646.81770 10867.10617 11411.00589 12121.33443 13889.23030 14904.66953 16949.37972 19670.28766 20755.81503 21525.40499 23304.26463 25223.90983 27524.55160 29254.77600 35541.38780 37867.53000 39717.77924 41517.78271 41948.69361 42271.00240 49319.94951 54818.10502 64296.27553 70978.82582 77299.34927 84930.11236 92521.13053 104429.4697 131308.5213 149649.1720 204535.8361 343908.9989 2425772.228 7287180.603 9717614.519 41827197.36
