    unsorted:	 171.3472991 171.3472991 171.3472991 171.3472991 171.3472991 171.3472991 171.3472991 171.3472991 1.644992918e-07 1.644975259e-07 1.644928430e-07 2.149220096e-07 0.03190337163 0.03276979857 0.02723845290 0.03603429504 0.01663305396 0.05718587957 241.7218011 264.1632738 581.5268740 793.1370741 798.2945083 1026.187763 2031.580191 2495.294679 4537.185640 4527.012378 4567.351462 5169.421651 5666.051835 5634.670480 6038.143479 3433.420251 6816.194446 7779.531800 8786.880722 9174.871851 10605.05486 11050.95417 11632.35634 11959.29852 13232.56764 13689.75950 14321.73206 14771.95727 19326.10132 20120.83881 20841.50098 23568.42375 26223.09897 28167.04959 34586.63025 39103.27864 38370.43941 40137.51326 41499.18969 41941.11709 48537.58598 55579.86257 63309.09940 69442.89485 78000.12771 82240.32025 88157.89426 101424.7468 123604.1197 148202.5106 193657.2564 334863.1283 2334669.349 7093223.060 9287804.903 40661309.72
      sorted:	 1.644928430e-07 1.644975259e-07 1.644992918e-07 2.149220096e-07 0.01663305396 0.02723845290 0.03190337163 0.03276979857 0.03603429504 0.05718587957 171.3472991 171.3472991 171.3472991 171.3472991 171.3472991 171.3472991 171.3472991 171.3472991 241.7218011 264.1632738 581.5268740 793.1370741 798.2945083 1026.187763 2031.580191 2495.294679 3433.420251 4527.012378 4537.185640 4567.351462 5169.421651 5634.670480 5666.051835 6038.143479 6816.194446 7779.531800 8786.880722 9174.871851 10605.05486 11050.95417 11632.35634 11959.29852 13232.56764 13689.75950 14321.73206 14771.95727 19326.10132 20120.83881 20841.50098 23568.42375 26223.09897 28167.04959 34586.63025 38370.43941 39103.27864 40137.51326 41499.18969 41941.11709 48537.58598 55579.86257 63309.09940 69442.89485 78000.12771 82240.32025 88157.89426 101424.7468 123604.1197 148202.5106 193657.2564 334863.1283 2334669.349 7093223.060 9287804.903 40661309.72
