    unsorted:	 1.644930949e-07 1.644885113e-07 1.644996875e-07 2.149597672e-07 171.3472991 171.3472991 171.3472991 171.3472991 171.3472991 0.03765924928 0.03467191552 0.03607107625 0.02711049513 0.01825969776 0.05857974237 1089.981195 216.6657207 240.7086608 692.5126910 796.1995900 975.1203947 4635.232591 4655.779165 4679.326308 4923.037444 5787.252838 6085.624546 6176.795243 3606.486354 3003.943276 2147.325039 6941.742708 7898.170859 8587.024248 9127.428352 9457.395490 10591.84396 11235.22975 11735.86063 13147.85793 13825.96577 14892.85751 16079.16325 19364.96522 20614.21932 20908.32866 22788.24870 25520.88863 27042.69497 28118.93091 33517.97526 35446.39035 36914.08889 39624.39400 41412.51709 41922.59291 45486.20190 48913.64505 58319.52674 63316.84097 70998.06197 77908.73326 79062.94067 85851.65465 101145.1751 104611.8928 135701.7514 170850.8592 197446.3152 368431.4044 2513348.989 7648946.075 10153778.41 43793597.63
      sorted:	 1.644885113e-07 1.644930949e-07 1.644996875e-07 2.149597672e-07 0.01825969776 0.02711049513 0.03467191552 0.03607107625 0.03765924928 0.05857974237 171.3472991 171.3472991 171.3472991 171.3472991 171.3472991 216.6657207 240.7086608 692.5126910 796.1995900 975.1203947 1089.981195 2147.325039 3003.943276 3606.486354 4635.232591 4655.779165 4679.326308 4923.037444 5787.252838 6085.624546 6176.795243 6941.742708 7898.170859 8587.024248 9127.428352 9457.395490 10591.84396 11235.22975 11735.86063 13147.85793 13825.96577 14892.85751 16079.16325 19364.96522 20614.21932 20908.32866 22788.24870 25520.88863 27042.69497 28118.93091 33517.97526 35446.39035 36914.08889 39624.39400 41412.51709 41922.59291 45486.20190 48913.64505 58319.52674 63316.84097 70998.06197 77908.73326 79062.94067 85851.65465 101145.1751 104611.8928 135701.7514 170850.8592 197446.3152 368431.4044 2513348.989 7648946.075 10153778.41 43793597.63
